1534
1530
1521
4
1518
1516
1514
1512
1511
1335
1509
1507
1506
1501
1494
1493
508
1489
1196
1483
1480
1479
1476
1467
626
654
1463
1461
1460
1458
1453
1450
1447
1265
1446
1445
1109
492
1444
1439
1438
286
1437
1434
403
1431
1339
1430
1429
1425
1424
1422
1421
1418
1412
1411
1410
535
1409
2
1408
1406
1405
1404
837
1400
283
816
1398
64
1396
1394
1457
912
1393
1391
1388
1386
1384
1380
172
1379
1378
1374
1373
1370
1368
1436
1363
1362
1361
1360
1358
1111
1355
1352
1351
1350
79
1349
1347
1346
1345
1344
1343
1342
1142
1341
1080
1208
1340
1105
1339
1338
452
1337
1003
1335
1332
393
1331
1329
1326
1325
1323
1320
1319
1316
1314
1313
1011
1312
1311
1310
1309
1308
1307
473
1304
1125
288
182
1303
1302
884
1301
1300
1298
1297
1296
929
1295
1294
1290
333
1289
1179
1288
1287
1286
1285
1284
1282
805
1281
1280
536
1279
1277
489
1276
1275
1274
1273
1114
1395
1272
893
1271
1269
1267
1266
1265
527
260
1264
1263
1262
566
1261
1260
1259
1258
1334
564
1257
1255
1253
1249
99
1248
1250
1073
1247
1244
1527
52
1200
1238
605
1237
1236
1235
1234
1233
1232
1231
1230
1229
1227
1226
1210
1224
1222
1220
1219
1216
1215
1213
387
1211
1210
1134
1208
1207
1143
1206
1202
1200
1196
1195
1194
729
1529
1190
1189
1188
1187
98
1186
1522
1180
1179
1174
1100
1172
1171
314
1169
934
1165
1164
1161
1160
606
1048
1156
1155
1154
1152
1149
1354
1148
1147
1145
242
1143
1142
1139
1135
1134
1133
560
1132
1129
1127
1125
1124
117
1122
352
1121
1118
1085
1116
1115
1114
1111
1192
1110
1109
1106
1105
1100
1096
1095
699
1094
1093
1092
1088
1087
1086
1085
1157
1084
1356
1083
685
1082
392
1081
1080
1079
1077
790
1076
386
1073
1060
1072
1069
1067
1065
1061
870
1348
1402
1060
1057
389
1056
1052
1050
1048
1047
1045
1042
1041
731
102
1039
294
1038
1036
1035
1030
977
756
1028
1027
1026
154
404
1025
1044
1024
1217
1022
913
1020
1019
1017
354
1013
1011
1009
1003
865
999
996
994
993
990
986
985
983
981
979
91
977
975
974
973
972
151
970
969
968
967
965
963
962
960
728
958
954
952
230
951
950
948
947
900
946
943
942
941
939
938
937
743
1159
1043
712
935
934
932
930
929
928
1441
1136
926
925
923
922
920
919
917
914
913
912
911
910
335
908
37
907
905
904
364
903
1525
900
807
897
238
895
789
256
841
893
892
891
949
889
1000
574
1146
885
850
884
883
328
819
1523
1014
1305
882
881
880
966
878
877
766
874
873
253
872
870
848
869
1283
368
210
868
866
865
864
292
863
804
862
374
861
858
856
854
852
267
625
851
850
849
848
1031
847
538
846
1099
843
1488
841
839
837
836
835
834
833
832
829
828
484
824
115
820
671
819
818
1228
1515
817
816
1181
815
814
1223
1433
812
811
809
808
807
805
804
803
802
801
1524
32
698
800
799
797
796
44
795
791
1151
790
1513
783
933
789
784
783
1075
781
779
778
777
269
776
775
774
773
772
768
767
766
765
764
763
762
761
759
214
758
475
757
756
755
753
1500
751
750
748
747
746
745
554
743
742
67
740
1520
770
555
739
1389
1510
92
738
984
1199
859
737
788
734
731
729
728
140
727
726
724
722
717
716
1443
976
1486
1002
714
225
304
712
205
707
355
159
706
264
702
113
701
699
698
1091
697
694
692
1464
1484
224
1533
59
691
1225
237
690
687
686
685
683
682
1413
1010
430
437
679
676
673
349
672
671
688
669
668
995
720
667
666
662
660
1291
1198
657
656
655
654
652
263
649
648
647
646
1475
1023
1403
715
293
236
645
644
1201
643
1184
1369
609
642
421
121
641
639
634
632
628
627
1168
307
626
1427
625
624
622
619
618
334
615
1128
226
614
612
675
336
611
610
609
330
445
607
606
605
604
105
602
600
1063
529
598
1123
271
597
596
1377
1126
132
595
103
591
838
670
587
586
362
584
357
1397
982
61
579
84
186
574
571
569
567
566
565
564
563
561
560
559
557
556
555
1371
554
553
552
551
502
550
547
545
1327
542
538
537
536
927
535
534
1366
282
533
531
529
527
526
525
524
199
220
523
1185
522
521
1392
519
479
518
517
247
515
514
65
508
504
502
500
898
1256
825
348
495
494
798
398
513
1423
860
1055
992
1293
853
193
710
1209
633
104
470
493
492
489
896
486
1176
370
485
991
703
484
175
483
480
479
478
1503
318
477
708
581
476
475
473
472
471
470
1492
469
468
467
466
541
465
464
461
460
482
1071
455
1387
452
451
446
49
1383
445
444
441
440
1454
638
439
350
437
572
447
459
1508
1452
435
434
433
431
430
429
428
427
426
423
421
420
419
418
1359
417
1101
902
382
1532
415
1419
1299
414
1416
1074
826
412
577
1193
410
409
408
407
406
404
403
402
1306
1315
637
45
989
1465
978
313
401
1376
454
399
1138
680
398
397
395
393
392
391
390
389
387
386
382
381
725
380
961
379
376
374
373
997
1005
370
88
368
366
29
365
1117
364
363
362
361
658
901
1270
1505
1037
509
359
360
371
359
358
357
178
355
354
352
351
490
350
349
348
488
347
346
70
345
341
340
540
424
339
336
335
334
333
331
330
329
328
327
241
322
321
319
593
689
576
1018
1205
90
318
317
316
314
580
313
312
1435
511
209
845
516
311
309
308
448
307
578
1182
306
304
302
1390
301
300
299
296
295
1477
294
293
292
289
288
287
286
130
285
284
1432
283
282
281
280
279
277
274
1502
1490
131
1040
106
735
272
157
924
1162
57
1049
413
271
5
369
629
268
270
269
268
275
267
264
263
262
261
260
677
1491
258
257
1473
256
510
255
53
254
253
252
1029
1103
1426
855
68
200
213
875
549
631
251
931
507
1414
842
1474
1058
1175
1090
1012
585
1407
1381
1166
243
250
223
249
1459
432
248
247
245
244
243
242
530
693
1292
241
144
240
696
342
1183
195
1496
239
238
237
236
235
234
1239
1442
232
156
230
674
890
1318
229
886
228
226
225
620
1150
224
823
223
1137
1417
568
623
528
1252
222
221
220
219
1097
217
216
215
214
213
449
732
1112
909
212
1448
1107
210
209
208
205
601
806
1372
857
1177
1482
416
14
204
636
1170
1078
63
617
887
621
840
570
400
1456
721
1526
456
1401
197
201
200
199
198
197
196
356
1268
1
1321
100
195
1336
1469
616
276
589
194
193
1328
191
1485
793
1499
786
1178
189
899
653
187
186
185
463
16
184
183
182
231
1102
388
320
1062
178
177
108
176
175
1046
1451
169
173
172
1528
450
171
170
169
1212
168
879
167
166
165
164
162
161
749
160
821
1113
159
157
156
608
436
1245
844
155
956
154
152
944
1367
151
876
752
55
150
384
1278
149
278
147
1535
310
945
47
146
145
144
143
497
34
142
206
491
141
290
520
831
709
705
140
1034
138
1021
137
344
987
782
1357
980
827
135
588
744
1241
1001
1353
135
134
1470
457
192
1317
575
915
133
132
15
131
130
129
396
1173
501
1415
474
663
128
127
303
125
124
298
123
496
462
1504
867
1204
503
499
326
1322
122
121
118
117
498
35
116
1382
115
1246
113
736
787
112
558
487
111
265
1333
110
594
109
108
107
1032
971
640
106
105
562
104
103
102
1449
1481
711
1420
48
101
506
613
100
8
505
207
99
266
158
1385
583
337
174
98
718
97
96
1064
86
92
91
1007
203
297
74
1242
543
90
95
88
87
163
481
1531
1066
1243
86
315
678
84
83
81
1399
80
79
77
810
76
74
73
6
72
71
70
590
69
68
442
67
66
65
64
63
