1534
1530
1521
1518
1516
1514
1512
1511
1509
1507
1506
1501
1494
1493
1489
1483
1480
1479
1476
1467
1463
1461
1460
1458
1453
1450
1447
1446
1445
1444
1439
1438
1437
1434
1431
1430
1429
1425
1424
1422
1421
1418
1412
1411
1410
1409
1408
1406
1405
1404
1400
1398
1396
1394
1457
1393
1391
1388
1386
1384
1380
1379
1378
1374
1373
1370
1368
1436
1363
1362
1361
1360
1358
1355
1352
1351
1350
1349
1347
1346
1345
1344
1343
1342
1341
1340
1339
1338
1337
1335
1332
1331
1329
1326
1325
1323
1320
1319
1316
1314
1313
1312
1311
1310
1309
1308
1307
1304
1303
1302
1301
1300
1298
1297
1296
1295
1294
1290
1289
1288
1287
1286
1285
1284
1282
1281
1280
1279
1277
1276
1275
1274
1273
1395
1272
1271
1269
1267
1266
1265
1264
1263
1262
1261
1260
1259
1258
1334
1257
1255
1253
1249
1248
1250
1247
1244
1527
1238
1237
1236
1235
1234
1233
1232
1231
1230
1229
1227
1226
1224
1222
1220
1219
1216
1215
1213
1211
1210
1208
1207
1206
1202
1200
1196
1195
1194
1529
1190
1189
1188
1187
1186
1522
1180
1179
1174
1172
1171
1169
1165
1164
1161
1160
1156
1155
1154
1152
1149
1354
1148
1147
1145
1143
1142
1139
1135
1134
1133
1132
1129
1127
1125
1124
1122
1121
1118
1116
1115
1114
1111
1192
1110
1109
1106
1105
1100
1096
1095
1094
1093
1092
1088
1087
1086
1085
1157
1084
1356
1083
1082
1081
1080
1079
1077
1076
1073
1072
1069
1067
1065
1061
1348
1402
1060
1057
1056
1052
1050
1048
1047
1045
1042
1041
1039
1038
1036
1035
1030
1028
1027
1026
1025
1044
1024
1217
1022
1020
1019
1017
1013
1011
1009
1003
999
996
994
993
990
986
985
983
981
979
977
975
974
973
972
970
969
968
967
965
963
962
960
958
954
952
951
950
948
947
946
943
942
941
939
938
937
1159
1043
935
934
932
930
929
928
1441
1136
926
925
923
922
920
919
917
914
913
912
911
910
908
907
905
904
903
1525
900
897
895
893
892
891
949
889
1000
1146
885
884
883
1523
1014
1305
882
881
880
966
878
877
874
873
872
870
869
1283
868
866
865
864
863
862
861
858
856
854
852
851
850
849
848
1031
847
846
1099
843
1488
841
839
837
836
835
834
833
832
829
828
824
820
819
818
1228
1515
817
816
1181
815
814
1223
1433
812
811
809
808
807
805
804
803
802
801
1524
800
799
797
796
795
791
1151
790
1513
933
789
784
783
1075
781
779
778
777
776
775
774
773
772
768
767
766
765
764
763
762
761
759
758
757
756
755
753
1500
751
750
748
747
746
745
743
742
740
1520
770
739
1389
1510
738
984
1199
859
737
788
734
731
729
728
727
726
724
722
717
716
1443
976
1486
1002
714
712
707
706
702
701
699
698
1091
697
694
692
1464
1484
1533
691
1225
690
687
686
685
683
682
1413
1010
679
676
673
672
671
688
669
668
995
720
667
666
662
660
1291
1198
657
656
655
654
652
649
648
647
646
1475
1023
1403
715
645
644
1201
643
1184
1369
642
641
639
634
632
628
627
1168
626
1427
625
624
622
619
618
615
1128
614
612
675
611
610
609
607
606
605
604
602
600
1063
598
1123
597
596
1377
1126
595
591
838
670
587
586
584
1397
982
579
574
571
569
567
566
565
564
563
561
560
559
557
556
555
1371
554
553
552
551
550
547
545
1327
542
538
537
536
927
535
534
1366
533
531
529
527
526
525
524
523
1185
522
521
1392
519
518
517
515
514
508
504
502
500
898
1256
825
495
494
798
513
1423
860
1055
992
1293
853
710
1209
633
493
492
489
896
486
1176
485
991
703
484
483
480
479
478
1503
477
708
581
476
475
473
472
471
470
1492
469
468
467
466
541
465
464
461
460
482
1071
455
1387
452
451
446
1383
445
444
441
440
1454
638
439
437
572
447
459
1508
1452
435
434
433
431
430
429
428
427
426
423
421
420
419
418
1359
417
1101
902
1532
415
1419
1299
414
1416
1074
826
412
577
1193
410
409
408
407
406
404
403
402
1306
1315
637
989
1465
978
401
1376
454
399
1138
680
398
397
395
393
392
391
390
389
387
386
382
381
725
380
961
379
376
374
373
997
1005
370
368
366
365
1117
364
363
362
361
658
901
1270
1505
1037
509
360
371
359
358
357
355
354
352
351
490
350
349
348
488
347
346
345
341
340
540
424
339
336
335
334
333
331
330
329
328
327
322
321
319
593
689
576
1018
1205
318
317
316
314
580
313
312
1435
511
845
516
311
309
308
448
307
578
1182
306
304
302
1390
301
300
299
296
295
1477
294
293
292
289
288
287
286
285
284
1432
283
282
281
280
279
277
274
1502
1490
1040
735
272
924
1162
1049
413
271
369
629
270
269
268
275
267
264
263
262
261
260
677
1491
258
257
1473
256
510
255
254
253
252
1029
1103
1426
855
875
549
631
251
931
507
1414
842
1474
1058
1175
1090
1012
585
1407
1381
1166
250
249
1459
432
248
247
245
244
243
242
530
693
1292
241
240
696
342
1183
1496
239
238
237
236
235
234
1239
1442
232
230
674
890
1318
229
886
228
226
225
620
1150
224
823
223
1137
1417
568
623
528
1252
222
221
220
219
1097
217
216
215
214
213
449
732
1112
909
212
1448
1107
210
209
208
205
601
806
1372
857
1177
1482
416
204
636
1170
1078
617
887
621
840
570
400
1456
721
1526
456
1401
201
200
199
198
197
196
356
1268
1321
195
1336
1469
616
276
589
194
193
1328
191
1485
793
1499
786
1178
189
899
653
187
186
185
463
184
183
182
231
1102
388
320
1062
178
177
176
175
1046
1451
173
172
1528
450
171
170
169
1212
168
879
167
166
165
164
162
161
749
160
821
1113
159
157
156
608
436
1245
844
155
956
154
152
944
1367
151
876
752
150
384
1278
149
278
147
1535
310
945
146
145
144
143
497
142
206
491
141
290
520
831
709
705
140
1034
138
1021
137
344
987
782
1357
980
827
588
744
1241
1001
1353
135
134
1470
457
192
1317
575
915
133
132
131
130
129
396
1173
501
1415
474
663
128
127
303
125
124
298
123
496
462
1504
867
1204
503
499
326
1322
122
121
118
117
498
116
1382
115
1246
113
736
787
112
558
487
111
265
1333
110
594
109
108
107
1032
971
640
106
105
562
104
103
102
1449
1481
711
1420
101
506
613
100
505
207
99
266
158
1385
583
337
174
98
718
97
96
1064
92
91
1007
203
297
1242
543
90
95
88
87
163
481
1531
1066
1243
86
315
678
84
83
81
1399
80
79
77
810
76
74
73
72
71
70
590
69
68
442
67
66
65
64
63
62
1108
61
940
1330
1167
1471
1158
60
1004
59
246
211
233
544
58
659
822
906
1324
57
684
548
532
1131
425
953
324
56
1141
695
385
55
54
53
52
51
1016
291
383
50
49
921
78
664
1051
1468
48
422
785
190
47
546
375
119
120
1478
46
1375
1214
713
188
453
45
44
405
959
43
1070
998
730
1006
338
1054
42
40
39
114
1472
1068
139
1218
635
1203
38
936
37
36
35
34
33
332
32
794
181
31
704
1455
1254
273
1053
85
512
1119
126
94
894
813
438
1120
93
650
1495
75
957
30
325
202
394
918
1130
89
179
780
1365
830
29
28
27
955
26
1466
25
1428
343
603
24
719
1104
1153
136
1191
630
180
377
733
754
792
1462
1251
23
22
21
651
20
19
964
18
17
1240
16
665
15
1498
888
41
1497
741
1221
1033
305
592
443
1364
353
148
1140
1015
1008
700
1517
367
916
661
82
14
13
12
153
539
1440
227
11
10
1089
259
1197
9
8
1144
7
6
5
582
769
723
573
988
681
599
323
771
378
1519
4
1059
411
871
458
3
2
218
1487
760
1163
372
1098
1
0
