3
9
11
13
18
19
20
21
22
23
24
25
26
27
28
30
31
33
36
38
39
40
42
43
46
50
51
54
56
58
60
62
66
69
71
72
73
76
77
80
81
83
87
96
97
101
107
109
110
111
112
116
118
122
123
124
125
127
128
129
133
134
137
138
141
142
143
145
146
147
149
150
152
155
160
161
162
164
165
166
167
168
170
171
173
176
177
183
184
185
187
189
191
194
196
198
201
204
208
212
215
216
217
219
221
222
228
229
232
234
235
239
240
244
245
248
249
250
251
252
254
255
257
258
261
262
270
272
274
277
279
280
281
284
285
287
289
295
296
299
300
301
302
306
308
309
311
312
316
317
319
321
322
327
329
331
339
340
341
345
346
347
351
358
360
361
363
365
366
373
376
379
380
381
390
391
395
397
399
401
402
406
407
408
409
410
412
414
415
417
418
419
420
423
426
427
428
429
431
433
434
435
439
440
441
444
446
451
455
460
461
464
465
466
467
468
469
471
472
476
477
478
480
483
485
486
493
494
495
500
504
514
515
517
518
519
521
522
523
524
525
526
531
533
534
537
542
545
547
550
551
552
553
556
557
559
561
563
565
567
569
571
579
584
586
587
591
595
596
597
598
600
602
604
607
610
611
612
614
615
618
619
622
624
627
628
632
634
639
641
642
643
644
645
646
647
648
649
652
655
656
657
660
662
666
667
668
669
672
673
676
679
682
683
686
687
690
691
692
694
697
701
702
706
707
714
716
717
722
724
726
727
734
737
738
739
740
742
745
746
747
748
750
751
753
755
757
758
759
761
762
763
764
765
767
768
772
773
774
775
776
777
778
779
781
784
791
795
796
797
799
800
801
802
803
808
809
811
812
814
815
817
818
820
824
828
829
832
833
834
835
836
839
843
846
847
849
851
852
854
856
858
861
862
863
864
866
868
869
872
873
874
877
878
880
881
882
883
885
889
891
892
895
897
903
904
905
907
908
910
911
914
917
919
920
922
923
925
926
928
930
932
935
937
938
939
941
942
943
946
947
948
950
951
952
954
958
960
962
963
965
967
968
969
970
972
973
974
975
979
981
983
985
986
990
993
994
996
999
1009
1013
1017
1019
1020
1022
1024
1025
1026
1027
1028
1030
1035
1036
1038
1039
1041
1042
1045
1047
1050
1052
1056
1057
1061
1065
1067
1069
1072
1076
1077
1079
1081
1082
1083
1084
1086
1087
1088
1092
1093
1094
1095
1096
1106
1110
1115
1116
1118
1121
1122
1124
1127
1129
1132
1133
1135
1139
1145
1147
1148
1149
1152
1154
1155
1156
1160
1161
1164
1165
1169
1171
1172
1174
1180
1186
1187
1188
1189
1190
1194
1195
1202
1206
1207
1211
1213
1215
1216
1219
1220
1222
1224
1226
1227
1229
1230
1231
1232
1233
1234
1235
1236
1237
1238
1244
1247
1248
1249
1253
1255
1257
1258
1259
1260
1261
1262
1263
1264
1266
1267
1269
1271
1272
1273
1274
1275
1276
1277
1279
1280
1281
1282
1284
1285
1286
1287
1288
1289
1290
1294
1295
1296
1297
1298
1300
1301
1302
1303
1304
1307
1308
1309
1310
1311
1312
1313
1314
1316
1319
1320
1323
1325
1326
1329
1331
1332
1337
1338
1340
1341
1342
1343
1344
1345
1346
1347
1349
1350
1351
1352
1355
1358
1360
1361
1362
1363
1368
1370
1373
1374
1378
1379
1380
1384
1386
1388
1391
1393
1394
1396
1398
1400
1404
1405
1406
1408
1409
1410
1411
1412
1418
1421
1422
1424
1425
1429
1430
1431
1434
1437
1438
1439
1444
1445
1446
1447
1450
1453
1458
1460
1461
1463
1467
1476
1479
1480
1483
1489
1493
1494
1501
1506
1507
1509
1511
1512
1514
1516
1518
1521
1530
1534
651
719
1428
1466
325
704
936
1203
1375
1016
385
659
822
1004
1399
1064
265
1382
1470
980
496
1021
206
497
1535
278
6
384
1278
944
821
879
108
463
356
887
1448
1097
886
1239
1183
1496
1459
1178
631
782
875
53
157
924
106
735
1502
1390
448
593
241
70
163
490
371
658
1117
29
997
725
1138
1376
1306
540
577
1074
1416
1419
1101
350
638
1454
1383
1387
482
541
708
703
991
1176
470
798
898
65
1392
1185
220
282
1366
1327
1214
84
186
332
357
838
899
1377
271
1063
105
675
1168
1184
1201
1475
263
1291
432
995
349
437
1413
237
113
355
225
1443
788
984
1490
1389
770
1520
67
554
1473
421
214
1151
44
269
32
156
1524
396
636
1223
1464
1228
115
159
1488
1099
538
267
625
374
804
292
1283
253
328
819
1523
850
1000
1146
949
256
789
238
1525
364
37
749
223
931
1441
1159
900
1225
230
151
91
354
1044
154
404
977
294
731
335
756
389
870
1348
334
479
728
386
790
392
685
121
1356
1128
699
304
1085
352
117
1397
560
841
242
1354
606
1048
934
314
1100
1522
98
743
729
1143
387
1485
199
102
298
605
1200
1527
1250
362
475
1334
424
893
1114
1395
489
536
805
766
1179
333
929
884
182
288
1125
473
1011
698
393
1003
452
1105
1080
1208
1142
502
99
79
1111
1436
172
1217
566
912
1210
1457
64
816
837
2
1529
535
1339
403
59
286
1113
484
492
1109
1503
1265
626
654
283
913
1196
508
1335
247
4
49
0
733
343
1455
291
906
86
1001
503
310
810
1321
621
1107
195
1066
1357
549
1162
689
590
481
901
680
454
1315
1465
303
1193
826
1299
1435
902
1532
1071
581
370
398
513
348
1256
1141
188
178
670
653
1126
5
268
369
529
562
336
1369
236
1023
1198
720
572
1010
620
1150
859
1199
92
1510
555
405
794
608
1442
1173
617
1170
1433
1484
1533
1515
1246
956
210
368
264
16
1014
1305
574
510
1137
507
1381
1136
1043
807
674
752
876
543
1007
290
1492
848
1402
140
933
1513
226
1157
498
982
530
696
966
1040
718
793
594
1449
52
491
103
1073
564
978
896
927
231
1091
580
158
174
266
307
1192
450
1528
713
17
1134
1181
1108
246
130
175
318
260
527
1427
1059
664
921
754
792
603
273
1254
383
678
1353
499
1322
945
100
570
276
589
1336
1243
1268
57
576
1531
218
1270
637
344
511
382
1049
88
104
1423
488
825
695
132
582
771
1519
275
629
144
609
1403
447
430
955
1029
202
1371
959
181
436
501
1078
1504
224
665
528
1417
842
1175
1414
243
462
1166
712
890
1324
55
203
520
831
131
1031
1034
558
783
1500
35
506
61
693
1292
342
1499
48
1481
1060
313
1062
1102
337
1385
578
1182
1240
671
1477
976
211
544
1046
677
411
1051
1468
78
1251
1053
326
47
8
505
400
1469
1
684
1131
1018
45
987
209
516
845
315
860
1293
15
599
769
378
330
445
293
715
459
1359
200
213
1103
394
663
1415
63
867
823
1252
568
623
1474
34
1090
205
1318
297
709
487
989
1075
613
940
827
786
190
422
785
711
1420
865
1058
736
388
583
688
1002
1486
233
1451
1491
871
1462
85
126
894
546
1070
1144
207
1456
616
1487
548
425
1205
1055
853
1245
1498
323
723
988
840
1452
1508
449
909
918
474
1204
1012
1407
601
457
1032
74
705
961
1167
1330
1471
135
588
787
320
1123
1505
169
1104
458
512
1119
94
438
813
375
730
998
1006
453
197
721
760
532
324
953
90
992
193
710
844
41
888
573
681
732
1367
89
830
1130
585
14
806
192
971
1005
1158
744
1426
1432
359
509
1037
1212
377
1153
1120
119
338
1526
1163
95
1328
1209
1333
1497
1112
179
780
857
1372
1317
640
1241
68
855
12
136
93
957
120
1054
456
372
413
633
741
1365
1177
1242
1482
114
575
442
153
1191
650
1478
1401
1098
82
1221
416
635
964
1472
915
539
1440
630
1495
10
1033
139
1068
227
180
75
1089
1197
305
1218
7
259
592
443
916
1364
1517
661
353
367
148
700
1140
1015
1008
